0 503.894,639.318 1187.55,633.273 1188.46,987.667 506.317,984.498
1 503.599,639.389 1187.72,633.34 1188.62,987.971 506.017,984.801
2 503.335,639.458 1187.83,633.389 1188.72,988.235 505.743,985.08
3 503.038,639.531 1187.93,633.493 1188.8,988.548 505.432,985.355
4 502.76,639.574 1188.05,633.529 1188.96,988.8 505.187,985.609
5 502.478,639.645 1188.16,633.587 1189.05,989.071 504.889,985.888
6 502.213,639.712 1188.33,633.652 1189.21,989.354 504.621,986.168
7 501.885,639.773 1188.46,633.715 1189.38,989.644 504.325,986.448
8 501.594,639.859 1188.58,633.784 1189.49,989.947 504.025,986.762
9 501.325,639.921 1188.69,633.838 1189.62,990.18 503.774,986.999
10 501.028,639.987 1188.82,633.881 1189.74,990.444 503.468,987.28
11 500.751,640.029 1188.98,633.928 1189.9,990.711 503.193,987.536
12 500.42,640.121 1189.12,633.999 1190.04,991.011 502.869,987.852
13 500.139,640.182 1189.25,634.051 1190.17,991.258 502.585,988.103
14 499.859,640.246 1189.35,634.109 1190.29,991.543 502.322,988.387
15 499.592,640.33 1189.56,634.171 1190.48,991.824 502.041,988.685
16 499.297,640.393 1189.65,634.21 1190.59,992.061 501.764,988.941
17 499.024,640.447 1189.77,634.284 1190.73,992.356 501.514,989.21
18 498.756,640.507 1189.98,634.342 1190.89,992.633 501.189,989.483
19 498.436,640.578 1190.07,634.375 1191.01,992.887 500.909,989.77
20 498.167,640.623 1190.24,634.426 1191.18,993.13 500.645,990.002
21 497.923,640.69 1190.4,634.5 1191.35,993.447 500.407,990.306
22 497.646,640.751 1190.55,634.52 1191.52,993.652 500.147,990.547
23 497.388,640.828 1190.66,634.602 1191.65,993.985 499.905,990.868
24 497.041,640.862 1190.81,634.62 1191.8,994.262 499.573,991.154
25 496.766,640.927 1190.92,634.679 1191.91,994.531 499.287,991.424
26 496.494,640.997 1191.1,634.761 1192.05,994.82 498.983,991.696
27 496.158,641.048 1191.18,634.811 1192.15,995.052 498.664,991.924
28 495.917,641.122 1191.34,634.873 1192.33,995.368 498.446,992.245
29 495.674,641.199 1191.54,634.955 1192.53,995.657 498.2,992.523
30 495.342,641.278 1191.64,635.028 1192.6,995.947 497.844,992.814
31 495.093,641.33 1191.78,635.091 1192.74,996.196 497.592,993.047
32 494.79,641.399 1191.92,635.156 1192.86,996.502 497.275,993.352
33 494.512,641.452 1192.03,635.221 1193.01,996.763 497.034,993.595
34 494.231,641.53 1192.21,635.276 1193.16,997.056 496.723,993.905
35 493.954,641.563 1192.34,635.374 1193.25,997.376 496.413,994.154
36 493.606,641.637 1192.48,635.369 1193.46,997.605 496.128,994.456
37 493.354,641.676 1192.58,635.412 1193.56,997.847 495.883,994.689
38 493.095,641.736 1192.74,635.462 1193.7,998.115 495.606,994.961
39 492.856,641.814 1192.92,635.513 1193.91,998.391 495.392,995.259
40 492.527,641.878 1193.05,635.571 1194.04,998.656 495.067,995.523
41 492.255,641.931 1193.21,635.617 1194.18,998.906 494.779,995.775
42 491.934,641.991 1193.33,635.691 1194.31,999.217 494.467,996.066
43 491.723,642.053 1193.48,635.734 1194.45,999.466 494.245,996.328
44 491.391,642.109 1193.61,635.784 1194.59,999.732 493.92,996.595
45 491.135,642.16 1193.74,635.842 1194.74,999.99 493.687,996.841
46 490.841,642.25 1193.92,635.873 1194.88,1000.24 493.366,997.141
47 490.557,642.291 1194.09,635.923 1195.07,1000.47 493.094,997.359
48 490.293,642.349 1194.2,635.989 1195.16,1000.77 492.807,997.646