0 503.8940124511719,639.3179931640625 1187.550048828125,633.2730102539062 1188.4599609375,987.6669921875 506.3169860839844,984.4979858398438
1 504.137939453125,639.2542114257812 1187.40087890625,633.1990356445312 1188.3466796875,987.4276123046875 506.54583740234375,984.2858276367188
2 504.4727783203125,639.2118530273438 1187.2799072265625,633.1328125 1188.2421875,987.1868896484375 506.9146728515625,984.0758056640625
3 504.7879943847656,639.1420288085938 1187.2020263671875,633.0950927734375 1188.15234375,986.9442138671875 507.22686767578125,983.8025512695312
4 505.0701904296875,639.1002197265625 1187.05078125,633.007080078125 1188.01953125,986.653564453125 507.496337890625,983.5907592773438
5 505.3311462402344,639.0217895507812 1186.8768310546875,632.93212890625 1187.8094482421875,986.3496704101562 507.75726318359375,983.26708984375
6 505.62005615234375,638.96337890625 1186.7620849609375,632.8793334960938 1187.7109375,986.0864868164062 508.0498046875,983.011474609375
7 505.88250732421875,638.8890380859375 1186.6134033203125,632.800537109375 1187.5517578125,985.7926635742188 508.31353759765625,982.7230224609375
8 506.1961364746094,638.8244018554688 1186.5224609375,632.7169189453125 1187.4642333984375,985.5160522460938 508.6297607421875,982.4842529296875
9 506.4762268066406,638.78369140625 1186.38916015625,632.6921997070312 1187.328125,985.309814453125 508.8962707519531,982.2588500976562
10 506.750244140625,638.7325439453125 1186.2530517578125,632.6370239257812 1187.2047119140625,985.0588989257812 509.1717224121094,982.0281982421875
11 507.0021057128906,638.677001953125 1186.1163330078125,632.574951171875 1187.0784912109375,984.7492065429688 509.41796875,981.7427978515625
12 507.26702880859375,638.6325073242188 1185.9510498046875,632.5291748046875 1186.852294921875,984.5330810546875 509.6612854003906,981.4930419921875
13 507.56756591796875,638.5675048828125 1185.8504638671875,632.4573364257812 1186.794921875,984.2907104492188 509.9782409667969,981.2771606445312
14 507.78668212890625,638.5045776367188 1185.669189453125,632.3994140625 1186.620361328125,984.0697021484375 510.2007141113281,981.021728515625
15 508.0596923828125,638.4243774414062 1185.526611328125,632.3296508789062 1186.4739990234375,983.7774047851562 510.46868896484375,980.7315063476562
16 508.35418701171875,638.380615234375 1185.4161376953125,632.2777099609375 1186.372314453125,983.544921875 510.7731018066406,980.511474609375
17 508.5962219238281,638.3236083984375 1185.272705078125,632.215087890625 1186.2000732421875,983.2714233398438 510.97869873046875,980.2489624023438
18 508.86016845703125,638.278564453125 1185.1087646484375,632.1748657226562 1186.032958984375,983.033203125 511.26824951171875,979.9993896484375
19 509.12347412109375,638.2277221679688 1184.9832763671875,632.11865234375 1185.9031982421875,982.75439453125 511.5128479003906,979.740478515625
20 509.3751525878906,638.1407470703125 1184.7994384765625,632.0435180664062 1185.7320556640625,982.4497680664062 511.7748718261719,979.422607421875
21 509.5907897949219,638.055419921875 1184.671630859375,631.9512329101562 1185.53515625,982.1674194335938 511.91461181640625,979.152099609375
22 509.8657531738281,638.0216064453125 1184.5421142578125,631.8963012695312 1185.4246826171875,981.8905029296875 512.1974487304688,978.9063110351562
23 510.16558837890625,637.9508666992188 1184.4324951171875,631.8657836914062 1185.2899169921875,981.6116943359375 512.50146484375,978.6109619140625
24 510.4693603515625,637.9014282226562 1184.3448486328125,631.84912109375 1185.1817626953125,981.3380126953125 512.7908325195312,978.310302734375
25 510.7331237792969,637.8375244140625 1184.2257080078125,631.7955932617188 1185.06201171875,981.0675048828125 513.0546875,978.0321044921875
26 511.0111389160156,637.7476196289062 1184.0911865234375,631.7186279296875 1184.93115234375,980.814697265625 513.3515014648438,977.76220703125
27 511.2706298828125,637.695068359375 1183.9893798828125,631.6325073242188 1184.819091796875,980.5222778320312 513.572998046875,977.51904296875
28 511.50579833984375,637.6415405273438 1183.829345703125,631.5930786132812 1184.62060546875,980.2699584960938 513.784912109375,977.26318359375
29 511.733642578125,637.5556640625 1183.651123046875,631.5272216796875 1184.4302978515625,980.0071411132812 513.9863891601562,976.9841918945312
30 512.0391845703125,637.4891357421875 1183.5738525390625,631.4310302734375 1184.3475341796875,979.697998046875 514.2774047851562,976.7311401367188
31 512.2880859375,637.4495849609375 1183.4158935546875,631.3866577148438 1184.174072265625,979.4500122070312 514.5208740234375,976.4859008789062
32 512.5729370117188,637.384033203125 1183.300048828125,631.3173828125 1184.08935546875,979.1907958984375 514.832763671875,976.2398681640625
33 512.8432006835938,637.3323364257812 1183.1759033203125,631.246337890625 1183.97802734375,978.95263671875 515.0833129882812,976.0355834960938
34 513.086181640625,637.2683715820312 1183.0308837890625,631.197265625 1183.83642578125,978.7066040039062 515.3309326171875,975.767822265625
35 513.3609008789062,637.2047729492188 1182.8916015625,631.1182861328125 1183.69384765625,978.4133911132812 515.6035766601562,975.4935302734375
36 513.6513671875,637.1624145507812 1182.7767333984375,631.0631713867188 1183.5692138671875,978.125244140625 515.8944702148438,975.2279052734375
37 513.92578125,637.1062622070312 1182.6591796875,630.9927978515625 1183.495849609375,977.8643798828125 516.18359375,975.0006713867188
38 514.1868896484375,637.0657348632812 1182.5423583984375,630.9609375 1183.3472900390625,977.6478271484375 516.4183349609375,974.785400390625
39 514.4273071289062,637.0142822265625 1182.3804931640625,630.9349365234375 1183.1737060546875,977.3717651367188 516.6553344726562,974.4873046875
40 514.6642456054688,636.9586791992188 1182.2359619140625,630.8983764648438 1182.9566650390625,977.1142578125 516.8609619140625,974.2097778320312
41 514.9232177734375,636.914794921875 1182.091552734375,630.8348388671875 1182.8409423828125,976.8480224609375 517.1364135742188,973.9653930664062
42 515.2089233398438,636.86767578125 1181.97705078125,630.77734375 1182.75,976.623046875 517.4344482421875,973.773193359375
43 515.451171875,636.8051147460938 1181.80615234375,630.7132568359375 1182.608642578125,976.3643798828125 517.684814453125,973.5188598632812
44 515.699462890625,636.73486328125 1181.67529296875,630.6210327148438 1182.4736328125,976.0912475585938 517.911865234375,973.2703247070312
45 515.9487915039062,636.7056884765625 1181.5186767578125,630.5985717773438 1182.3194580078125,975.8526000976562 518.162841796875,973.0333251953125
46 516.223388671875,636.6494140625 1181.3818359375,630.5328369140625 1182.1832275390625,975.59814453125 518.4471435546875,972.7937622070312
47 516.4519653320312,636.6156616210938 1181.23046875,630.4786376953125 1182.03564453125,975.3800659179688 518.65380859375,972.599853515625
48 516.6897583007812,636.5679931640625 1181.07373046875,630.427001953125 1181.8583984375,975.1066284179688 518.8859252929688,972.3343505859375
